PRCP       046037 18920101 20111231 TIBOOBURRA POST OFFICE                      
18920101 18920131     2.5
18920201 18920229    12.2
18920301 18920331     1.8
18920401 18920430     1.5
18920501 18920531    16.8
18920601 18920630     1.0
18920701 18920731    11.7
18920801 18920831     3.6
18920901 18920930    21.6
18921001 18921031    97.5
18921101 18921130     2.3
18921201 18921231     0.0
18930101 18930131     0.0
18930201 18930228     0.0
18930301 18930331     3.6
18930401 18930430    23.6
18930501 18930531    92.8
18930601 18930630    20.3
18930701 18930731     0.0
18930801 18930831    19.5
18930901 18930930     2.0
18931001 18931031     3.0
18931101 18931130    56.6
18931201 18931231     1.0
18940101 18940131    29.5
18940201 18940228    22.7
18940301 18940331     6.1
18940401 18940430    53.4
18940501 18940531     0.0
18940601 18940630    17.0
18940701 18940731     0.0
18940801 18940831    59.4
18940901 18940930    22.4
18941001 18941031    59.5
18941101 18941130     3.8
18941201 18941231    42.9
18950101 18950131    13.4
18950201 18950228    39.4
18950301 18950331     0.0
18950401 18950430     3.6
18950501 18950531    39.1
18950601 18950630    29.5
18950701 18950731     0.0
18950801 18950831     0.0
18950901 18950930     5.6
18951001 18951031     9.4
18951101 18951130    43.4
18951201 18951231     1.0
18960101 18960131     0.0
18960201 18960229    27.0
18960301 18960331     0.0
18960401 18960430    16.0
18960501 18960531     1.0
18960601 18960630     0.0
18960701 18960731    18.3
18960801 18960831     3.8
18960901 18960930     3.0
18961001 18961031     1.8
18961101 18961130    52.0
18961201 18961231    11.7
18970101 18970131    27.6
18970201 18970228    51.3
18970301 18970331     4.3
18970401 18970430     0.0
18970501 18970531     0.0
18970601 18970630    35.8
18970701 18970731     1.5
18970801 18970831     0.0
18970901 18970930    21.1
18971001 18971031    16.0
18971101 18971130     0.0
18971201 18971231     2.8
18980101 18980131     0.0
18980201 18980228   150.5
18980301 18980331    74.5
18980401 18980430     0.0
18980501 18980531     0.0
18980601 18980630    45.5
18980701 18980731     0.0
18980801 18980831    16.3
18980901 18980930     5.1
18981001 18981031     3.0
18981101 18981130     4.3
18981201 18981231     0.0
18990101 18990131     9.1
18990201 18990228    10.2
18990301 18990331    60.2
18990401 18990430     6.6
18990501 18990531     0.0
18990601 18990630    29.6
18990701 18990731    36.4
18990801 18990831     1.1
18990901 18990930     2.3
18991001 18991031     1.0
18991101 18991130    13.5
18991201 18991231     0.0
19000101 19000131    38.1
19000201 19000228     0.0
19000301 19000331    50.8
19000401 19000430     4.6
19000501 19000531     1.3
19000601 19000630     4.9
19000701 19000731     9.9
19000801 19000831     2.1
19000901 19000930     9.4
19001001 19001031    14.5
19001101 19001130     4.9
19001201 19001231     0.5
19010101 19010131     0.0
19010201 19010228     6.9
19010301 19010331    10.9
19010401 19010430     0.0
19010501 19010531     0.0
19010601 19010630     7.1
19010701 19010731    47.2
19010801 19010831    34.3
19010901 19010930     4.3
19011001 19011031     1.3
19011101 19011130     0.0
19011201 19011231     0.0
19020101 19020131     3.0
19020201 19020228     5.6
19020301 19020331     1.8
19020401 19020430     0.0
19020501 19020531     0.0
19020601 19020630     0.0
19020701 19020731     0.0
19020801 19020831     4.4
19020901 19020930    10.2
19021001 19021031    19.8
19021101 19021130    58.7
19021201 19021231    58.9
19030101 19030131     8.7
19030201 19030228     2.3
19030301 19030331     6.9
19030401 19030430    68.5
19030501 19030531     0.0
19030601 19030630     0.0
19030701 19030731     0.0
19030801 19030831    16.2
19030901 19030930    35.3
19031001 19031031     3.6
19031101 19031130    19.7
19031201 19031231    60.0
19040101 19040131    49.5
19040201 19040229    10.2
19040301 19040331     0.0
19040401 19040430     5.1
19040501 19040531     3.3
19040601 19040630     0.0
19040701 19040731    25.5
19040801 19040831     5.6
19040901 19040930    29.3
19041001 19041031    56.4
19041101 19041130     6.1
19041201 19041231    20.3
19050101 19050131     3.8
19050201 19050228     0.0
19050301 19050331     0.0
19050401 19050430     5.8
19050501 19050531     0.0
19050601 19050630     6.9
19050701 19050731    10.7
19050801 19050831    14.0
19050901 19050930     0.0
19051001 19051031     0.0
19051101 19051130     7.6
19051201 19051231     5.1
19060101 19060131     0.0
19060201 19060228    15.7
19060301 19060331    89.7
19060401 19060430     0.0
19060501 19060531     9.4
19060601 19060630    14.7
19060701 19060731     2.8
19060801 19060831     3.8
19060901 19060930    55.6
19061001 19061031     1.5
19061101 19061130     4.5
19061201 19061231    17.5
19070101 19070131   103.4
19070201 19070228     6.4
19070301 19070331    18.5
19070401 19070430     0.0
19070501 19070531     7.1
19070601 19070630    23.1
19070701 19070731     2.5
19070801 19070831    25.4
19070901 19070930     0.0
19071001 19071031     0.0
19071101 19071130    19.0
19071201 19071231    36.8
19080101 19080131     0.0
19080201 19080229     2.0
19080301 19080331    37.0
19080401 19080430    33.5
19080501 19080531     5.3
19080601 19080630    12.4
19080701 19080731     8.9
19080801 19080831    19.3
19080901 19080930     0.0
19081001 19081031    30.5
19081101 19081130    12.7
19081201 19081231    44.2
19090101 19090131     2.5
19090201 19090228     8.9
19090301 19090331     4.6
19090401 19090430     4.3
19090501 19090531    10.9
19090601 19090630    45.4
19090701 19090731     0.0
19090801 19090831    13.2
19090901 19090930     0.5
19091001 19091031     8.2
19091101 19091130     2.3
19091201 19091231     2.1
19100101 19100131    40.8
19100201 19100228     0.5
19100301 19100331    65.8
19100401 19100430    11.4
19100501 19100531    10.9
19100601 19100630    95.4
19100701 19100731     6.9
19100801 19100831     5.4
19100901 19100930     0.3
19101001 19101031    15.0
19101101 19101130    36.8
19101201 19101231    21.3
19110101 19110131    28.7
19110201 19110228   171.4
19110301 19110331     8.1
19110401 19110430     0.0
19110501 19110531    37.0
19110601 19110630     0.8
19110701 19110731    32.0
19110801 19110831     2.0
19110901 19110930     7.1
19111001 19111031     2.0
19111101 19111130    70.8
19111201 19111231    55.4
19120101 19120131     0.0
19120201 19120229    15.8
19120301 19120331     5.6
19120401 19120430     0.0
19120501 19120531     0.0
19120601 19120630    97.5
19120701 19120731    33.3
19120801 19120831     0.8
19120901 19120930     0.0
19121001 19121031     2.3
19121101 19121130    46.5
19121201 19121231    11.9
19130101 19130131     1.5
19130201 19130228    29.6
19130301 19130331    37.1
19130401 19130430    12.7
19130501 19130531     2.0
19130601 19130630     0.0
19130701 19130731     0.3
19130801 19130831     0.0
19130901 19130930    14.0
19131001 19131031     8.7
19131101 19131130     8.4
19131201 19131231    25.1
19140101 19140131    59.4
19140201 19140228     0.0
19140301 19140331    12.0
19140401 19140430    20.3
19140501 19140531    14.4
19140601 19140630    11.9
19140701 19140731     8.9
19140801 19140831     0.0
19140901 19140930     0.0
19141001 19141031    16.3
19141101 19141130     3.3
19141201 19141231    55.2
19150101 19150131     3.0
19150201 19150228     0.5
19150301 19150331     0.3
19150401 19150430     1.8
19150501 19150531    35.1
19150601 19150630     2.5
19150701 19150731     7.4
19150801 19150831     5.3
19150901 19150930    29.7
19151001 19151031     7.6
19151101 19151130     0.0
19151201 19151231    19.1
19160101 19160131    33.5
19160201 19160229     0.0
19160301 19160331     4.1
19160401 19160430     1.8
19160501 19160531     4.2
19160601 19160630    67.2
19160701 19160731    69.8
19160801 19160831     7.1
19160901 19160930    43.5
19161001 19161031   109.5
19161101 19161130    15.9
19161201 19161231    32.8
19170101 19170131    28.5
19170201 19170228   147.3
19170301 19170331     0.0
19170401 19170430     0.0
19170501 19170531     3.5
19170601 19170630    25.7
19170701 19170731    19.1
19170801 19170831    10.7
19170901 19170930    27.7
19171001 19171031    17.8
19171101 19171130    79.2
19171201 19171231    19.3
19180101 19180131    61.1
19180201 19180228     0.0
19180301 19180331     2.3
19180401 19180430    80.5
19180501 19180531    25.1
19180601 19180630     0.0
19180701 19180731     0.0
19180801 19180831    13.8
19180901 19180930     9.9
19181001 19181031     5.6
19181101 19181130     0.0
19181201 19181231     0.0
19190101 19190131     3.0
19190201 19190228     7.3
19190301 19190331     0.0
19190401 19190430     2.6
19190501 19190531    14.7
19190601 19190630     0.0
19190701 19190731     0.0
19190801 19190831    12.8
19190901 19190930     0.8
19191001 19191031     0.0
19191101 19191130     0.3
19191201 19191231     6.4
19200101 19200131     2.5
19200201 19200229     1.8
19200301 19200331     1.0
19200401 19200430     9.4
19200501 19200531     3.1
19200601 19200630   127.4
19200701 19200731    20.1
19200801 19200831    27.2
19200901 19200930    22.1
19201001 19201031     4.8
19201101 19201130    27.7
19201201 19201231    82.5
19210101 19210131     1.8
19210201 19210228     6.6
19210301 19210331    37.8
19210401 19210430     3.0
19210501 19210531    20.0
19210601 19210630    53.9
19210701 19210731     2.3
19210801 19210831    12.5
19210901 19210930    19.1
19211001 19211031     4.8
19211101 19211130    11.0
19211201 19211231    19.6
19220101 19220131     0.0
19220201 19220228    15.2
19220301 19220331     0.0
19220401 19220430     0.0
19220501 19220531     3.5
19220601 19220630     0.8
19220701 19220731     3.3
19220801 19220831     0.0
19220901 19220930     2.3
19221001 19221031    13.0
19221101 19221130     2.0
19221201 19221231    20.8
19230101 19230131     1.8
19230201 19230228    35.1
19230301 19230331     1.8
19230401 19230430    67.7
19230501 19230531    26.7
19230601 19230630    52.1
19230701 19230731    11.7
19230801 19230831     1.5
19230901 19230930     0.0
19231001 19231031     9.1
19231101 19231130     0.8
19231201 19231231    32.5
19240101 19240131     4.0
19240201 19240229    29.5
19240301 19240331    12.9
19240401 19240430     4.0
19240501 19240531     0.0
19240601 19240630     7.6
19240701 19240731     2.8
19240801 19240831     3.3
19240901 19240930     0.5
19241001 19241031    34.1
19241101 19241130    14.5
19241201 19241231    32.0
19250101 19250131    55.9
19250201 19250228     8.9
19250301 19250331     8.3
19250401 19250430     0.0
19250501 19250531    31.3
19250601 19250630     1.8
19250701 19250731    17.5
19250801 19250831     6.8
19250901 19250930     8.6
19251001 19251031     1.5
19251101 19251130     5.4
19251201 19251231     0.0
19260101 19260131     7.6
19260201 19260228     0.0
19260301 19260331    95.4
19260401 19260430    20.8
19260501 19260531    17.8
19260601 19260630     3.0
19260701 19260731     6.3
19260801 19260831     3.6
19260901 19260930    49.6
19261001 19261031     0.0
19261101 19261130     0.0
19261201 19261231    11.0
19270101 19270131     0.8
19270201 19270228    10.1
19270301 19270331     2.3
19270401 19270430     0.0
19270501 19270531     0.0
19270601 19270630    28.5
19270701 19270731     0.8
19270801 19270831     0.3
19270901 19270930     3.8
19271001 19271031    14.2
19271101 19271130    20.0
19271201 19271231    53.9
19280101 19280131     0.0
19280201 19280229     6.6
19280301 19280331     4.8
19280401 19280430    12.2
19280501 19280531     0.0
19280601 19280630     5.8
19280701 19280731    13.1
19280801 19280831     0.0
19280901 19280930     0.0
19281001 19281031    10.4
19281101 19281130     1.3
19281201 19281231     7.4
19290101 19290131     0.8
19290201 19290228     0.0
19290301 19290331     4.0
19290401 19290430    20.5
19290501 19290531     0.0
19290601 19290630     4.1
19290701 19290731     0.0
19290801 19290831     0.8
19290901 19290930    17.6
19291001 19291031     0.0
19291101 19291130    26.9
19291201 19291231    12.7
19300101 19300131    78.5
19300201 19300228    22.4
19300301 19300331     0.0
19300401 19300430     1.8
19300501 19300531    65.7
19300601 19300630     7.6
19300701 19300731    14.3
19300801 19300831     1.3
19300901 19300930     0.0
19301001 19301031    37.3
19301101 19301130     3.3
19301201 19301231    58.0
19310101 19310131     0.0
19310201 19310228     0.0
19310301 19310331    25.7
19310401 19310430    47.5
19310501 19310531    29.0
19310601 19310630    46.2
19310701 19310731    59.7
19310801 19310831     0.0
19310901 19310930    22.1
19311001 19311031    11.4
19311101 19311130    35.5
19311201 19311231    26.4
19320101 19320131     0.0
19320201 19320229    45.5
19320301 19320331     6.6
19320401 19320430     7.4
19320501 19320531    35.4
19320601 19320630     2.8
19320701 19320731     4.8
19320801 19320831     5.3
19320901 19320930     9.9
19321001 19321031     9.7
19321101 19321130    23.1
19321201 19321231     0.0
19330101 19330131     0.0
19330201 19330228    17.0
19330301 19330331     0.0
19330401 19330430     3.3
19330501 19330531    30.8
19330601 19330630     0.0
19330701 19330731     1.3
19330801 19330831    15.7
19330901 19330930     4.8
19331001 19331031     0.0
19331101 19331130    10.7
19331201 19331231    42.1
19340101 19340131     8.4
19340201 19340228    65.1
19340301 19340331     0.0
19340401 19340430     0.0
19340501 19340531     0.0
19340601 19340630     2.0
19340701 19340731    18.3
19340801 19340831     7.7
19340901 19340930     0.8
19341001 19341031    57.6
19341101 19341130     4.6
19341201 19341231     0.0
19350101 19350131     4.8
19350201 19350228     0.0
19350301 19350331     0.0
19350401 19350430    16.1
19350501 19350531     0.0
19350601 19350630    20.5
19350701 19350731     4.8
19350801 19350831     4.0
19350901 19350930    27.7
19351001 19351031    21.3
19351101 19351130     7.2
19351201 19351231    55.6
19360101 19360131    62.0
19360201 19360229     4.3
19360301 19360331    63.2
19360401 19360430     0.0
19360501 19360531    76.2
19360601 19360630     3.6
19360701 19360731    80.8
19360801 19360831    25.8
19360901 19360930     9.0
19361001 19361031    29.8
19361101 19361130     1.8
19361201 19361231    18.2
19370101 19370131    28.7
19370201 19370228    57.4
19370301 19370331     1.3
19370401 19370430     2.0
19370501 19370531     1.0
19370601 19370630     6.5
19370701 19370731     0.0
19370801 19370831     7.9
19370901 19370930     0.0
19371001 19371031     4.8
19371101 19371130     2.8
19371201 19371231    19.9
19380101 19380131     1.3
19380201 19380228    22.6
19380301 19380331     0.0
19380401 19380430     0.0
19380501 19380531    39.1
19380601 19380630    18.0
19380701 19380731    38.1
19380801 19380831     1.5
19380901 19380930     0.0
19381001 19381031    19.3
19381101 19381130     0.0
19381201 19381231     0.0
19390101 19390131    32.5
19390201 19390228    98.2
19390301 19390331    68.1
19390401 19390430    57.7
19390501 19390531    38.8
19390601 19390630    32.2
19390701 19390731    15.0
19390801 19390831     6.9
19390901 19390930     0.0
19391001 19391031     2.3
19391101 19391130    45.2
19391201 19391231     0.0
19400101 19400131     0.5
19400201 19400229     0.0
19400301 19400331     3.6
19400401 19400430    36.0
19400501 19400531    17.7
19400601 19400630     4.1
19400701 19400731     0.0
19400801 19400831     1.8
19400901 19400930     0.0
19401001 19401031     0.3
19401101 19401130     0.0
19401201 19401231     4.1
19410101 19410131    53.8
19410201 19410228     0.0
19410301 19410331    11.5
19410401 19410430     0.0
19410501 19410531     0.0
19410601 19410630     6.3
19410701 19410731     1.8
19410801 19410831     0.0
19410901 19410930     0.0
19411001 19411031     0.5
19411101 19411130    12.2
19411201 19411231    25.7
19420101 19420131    11.5
19420201 19420228    45.0
19420301 19420331     0.0
19420401 19420430    19.8
19420501 19420531    20.0
19420601 19420630    18.3
19420701 19420731     0.0
19420801 19420831     0.0
19420901 19420930     1.5
19421001 19421031    24.2
19421101 19421130     0.0
19421201 19421231    59.8
19430101 19430131    56.6
19430201 19430228    56.1
19430301 19430331     0.0
19430401 19430430     5.3
19430501 19430531     0.0
19430601 19430630     2.8
19430701 19430731    16.6
19430801 19430831    14.5
19430901 19430930    10.7
19431001 19431031     2.5
19431101 19431130     9.6
19431201 19431231     0.0
19440101 19440131     7.9
19440201 19440229    57.4
19440301 19440331    18.0
19440401 19440430     7.1
19440501 19440531     3.0
19440601 19440630     3.8
19440701 19440731     0.0
19440801 19440831    24.8
19440901 19440930     3.0
19441001 19441031     0.8
19441101 19441130     0.0
19441201 19441231     2.5
19450101 19450131     4.0
19450201 19450228     4.6
19450301 19450331     5.1
19450401 19450430     0.0
19450501 19450531    12.4
19450601 19450630    19.1
19450701 19450731    60.2
19450801 19450831     3.8
19450901 19450930     0.0
19451001 19451031    31.5
19451101 19451130     0.0
19451201 19451231     6.4
19460101 19460131    77.7
19460201 19460228    21.9
19460301 19460331     0.0
19460401 19460430     0.0
19460501 19460531     0.0
19460601 19460630     5.6
19460701 19460731     0.0
19460801 19460831     0.0
19460901 19460930    32.2
19461001 19461031     0.0
19461101 19461130     2.8
19461201 19461231    53.1
19470101 19470131     0.0
19470201 19470228   155.9
19470301 19470331    39.9
19470401 19470430     0.0
19470501 19470531     0.0
19470601 19470630     0.0
19470701 19470731    22.6
19470801 19470831    40.8
19470901 19470930    38.2
19471001 19471031     9.8
19471101 19471130    12.7
19471201 19471231    35.3
19480101 19480131     6.4
19480201 19480229    26.4
19480301 19480331     0.0
19480401 19480430     0.0
19480501 19480531     3.8
19480601 19480630    24.9
19480701 19480731     0.0
19480801 19480831     0.0
19480901 19480930     0.0
19481001 19481031     0.0
19481101 19481130     3.0
19481201 19481231    60.4
19490101 19490131     1.5
19490201 19490228    77.5
19490301 19490331   398.4
19490401 19490430    18.8
19490501 19490531    32.5
19490601 19490630     6.4
19490701 19490731     4.3
19490801 19490831     1.5
19490901 19490930    35.2
19491001 19491031    39.3
19491101 19491130    20.1
19491201 19491231    20.1
19500101 19500131    35.9
19500201 19500228    25.7
19500301 19500331    50.5
19500401 19500430     4.6
19500501 19500531    35.5
19500601 19500630    11.1
19500701 19500731    11.2
19500801 19500831     3.0
19500901 19500930     5.0
19501001 19501031    28.7
19501101 19501130    44.2
19501201 19501231    58.7
19510101 19510131     8.9
19510201 19510228     4.3
19510301 19510331     0.0
19510401 19510430     0.0
19510501 19510531     3.3
19510601 19510630    35.0
19510701 19510731     0.0
19510801 19510831     8.3
19510901 19510930    19.1
19511001 19511031    12.7
19511101 19511130    14.2
19511201 19511231     1.3
19520101 19520131     5.6
19520201 19520229     2.5
19520301 19520331    38.2
19520401 19520430    13.2
19520501 19520531     8.6
19520601 19520630    19.6
19520701 19520731     6.3
19520801 19520831    36.9
19520901 19520930     0.0
19521001 19521031    83.2
19521101 19521130     6.1
19521201 19521231     0.0
19530101 19530131    56.4
19530201 19530228    16.0
19530301 19530331     0.0
19530401 19530430     7.2
19530501 19530531    11.2
19530601 19530630     0.0
19530701 19530731     0.0
19530801 19530831    14.3
19530901 19530930     8.7
19531001 19531031    36.4
19531101 19531130     1.3
19531201 19531231     4.1
19540101 19540131    13.0
19540201 19540228   133.9
19540301 19540331     0.0
19540401 19540430     8.0
19540501 19540531     0.0
19540601 19540630     7.3
19540701 19540731    31.3
19540801 19540831     9.1
19540901 19540930     0.5
19541001 19541031    60.6
19541101 19541130    10.9
19541201 19541231    39.7
19550101 19550131    27.2
19550201 19550228    81.3
19550301 19550331    20.8
19550401 19550430    62.7
19550501 19550531    71.6
19550601 19550630     8.4
19550701 19550731    31.5
19550801 19550831    24.9
19550901 19550930     5.8
19551001 19551031    65.5
19551101 19551130     9.9
19551201 19551231     3.6
19560101 19560131    19.8
19560201 19560229    70.9
19560301 19560331   254.3
19560401 19560430    24.3
19560501 19560531    29.3
19560601 19560630    33.0
19560701 19560731    73.8
19560801 19560831     0.0
19560901 19560930     6.6
19561001 19561031    26.4
19561101 19561130     0.0
19561201 19561231     0.0
19570101 19570131     1.5
19570201 19570228    39.6
19570301 19570331     2.1
19570401 19570430     4.4
19570501 19570531     0.0
19570601 19570630    29.4
19570701 19570731     9.7
19570801 19570831     6.9
19570901 19570930     0.0
19571001 19571031     4.3
19571101 19571130     2.3
19571201 19571231     7.4
19580101 19580131     7.1
19580201 19580228    24.1
19580301 19580331    22.4
19580401 19580430    11.2
19580501 19580531    25.1
19580601 19580630     4.8
19580701 19580731    14.0
19580801 19580831    58.4
19580901 19580930     5.4
19581001 19581031    49.0
19581101 19581130    51.7
19581201 19581231     7.6
19590101 19590131    14.5
19590201 19590228     0.0
19590301 19590331    20.3
19590401 19590430     0.0
19590501 19590531    24.9
19590601 19590630     2.5
19590701 19590731     3.8
19590801 19590831    24.4
19590901 19590930     8.9
19591001 19591031    53.3
19591101 19591130     2.8
19591201 19591231     3.6
19600101 19600131   101.1
19600201 19600229    40.1
19600301 19600331     0.3
19600401 19600430     3.3
19600501 19600531    12.4
19600601 19600630     0.3
19600701 19600731    28.1
19600801 19600831    50.5
19600901 19600930     8.2
19601001 19601031     2.0
19601101 19601130    22.1
19601201 19601231    10.7
19610101 19610131    18.6
19610201 19610228     0.0
19610301 19610331     3.0
19610401 19610430    59.4
19610501 19610531     0.0
19610601 19610630     0.5
19610701 19610731     9.1
19610801 19610831     3.8
19610901 19610930     0.0
19611001 19611031     0.0
19611101 19611130    29.5
19611201 19611231     1.0
19620101 19620131    84.9
19620201 19620228     0.0
19620301 19620331    16.7
19620401 19620430     7.9
19620501 19620531    14.7
19620601 19620630     6.9
19620701 19620731    38.1
19620801 19620831     4.8
19620901 19620930     1.3
19621001 19621031     1.3
19621101 19621130     1.0
19621201 19621231   105.6
19630101 19630131    23.1
19630201 19630228    11.7
19630301 19630331    12.9
19630401 19630430     2.3
19630501 19630531     8.2
19630601 19630630    16.8
19630701 19630731     1.0
19630801 19630831    31.3
19630901 19630930     0.0
19631001 19631031     0.5
19631101 19631130     3.0
19631201 19631231     0.0
19640101 19640131    13.2
19640201 19640229     3.6
19640301 19640331     0.0
19640401 19640430    12.8
19640501 19640531     2.5
19640601 19640630     1.3
19640701 19640731    10.2
19640801 19640831     5.6
19640901 19640930    36.1
19641001 19641031     8.4
19641101 19641130     0.0
19641201 19641231     1.5
19650101 19650131    25.9
19650201 19650228     1.0
19650301 19650331     0.0
19650401 19650430     0.0
19650501 19650531    15.5
19650601 19650630     7.2
19650701 19650731     0.0
19650801 19650831    14.5
19650901 19650930     0.3
19651001 19651031     6.3
19651101 19651130     0.0
19651201 19651231    11.1
19660101 19660131    13.8
19660201 19660228    16.5
19660301 19660331     2.1
19660401 19660430     1.0
19660501 19660531     4.8
19660601 19660630     0.8
19660701 19660731     4.8
19660801 19660831     7.3
19660901 19660930     6.6
19661001 19661031    12.6
19661101 19661130    27.6
19661201 19661231    25.9
19670101 19670131     0.0
19670201 19670228     6.1
19670301 19670331    75.1
19670401 19670430     0.0
19670501 19670531     6.1
19670601 19670630    61.8
19670701 19670731     0.0
19670801 19670831     1.0
19670901 19670930     0.0
19671001 19671031     2.3
19671101 19671130     4.1
19671201 19671231     8.7
19680101 19680131    74.8
19680201 19680229     0.0
19680301 19680331     8.4
19680401 19680430    37.8
19680501 19680531    42.4
19680601 19680630     4.9
19680701 19680731    33.6
19680801 19680831    20.8
19680901 19680930     6.6
19681001 19681031     1.8
19681101 19681130    27.5
19681201 19681231    44.9
19690101 19690131     0.0
19690201 19690228    25.2
19690301 19690331    42.5
19690401 19690430     0.0
19690501 19690531     2.6
19690601 19690630     3.3
19690701 19690731     4.4
19690801 19690831     0.5
19690901 19690930    17.8
19691001 19691031     4.6
19691101 19691130     0.0
19691201 19691231     2.0
19700101 19700131     4.6
19700201 19700228     2.5
19700301 19700331     0.0
19700401 19700430    33.0
19700501 19700531     1.0
19700601 19700630     1.0
19700701 19700731     0.0
19700801 19700831     4.1
19700901 19700930     4.1
19701001 19701031    21.8
19701101 19701130     1.5
19701201 19701231    21.9
19710101 19710131     1.5
19710201 19710228    37.3
19710301 19710331   175.7
19710401 19710430     6.1
19710501 19710531     1.3
19710601 19710630    10.7
19710701 19710731     3.8
19710801 19710831     3.8
19710901 19710930    10.7
19711001 19711031     0.0
19711101 19711130    12.4
19711201 19711231    13.5
19720101 19720131    41.7
19720201 19720229     0.0
19720301 19720331     0.0
19720401 19720430     2.3
19720501 19720531     0.0
19720601 19720630     1.3
19720701 19720731     0.0
19720801 19720831    11.2
19720901 19720930     1.3
19721001 19721031     2.3
19721101 19721130     5.8
19721201 19721231     3.8
19730101 19730131    16.7
19730201 19730228    77.4
19730301 19730331    16.3
19730401 19730430    44.7
19730501 19730531     6.1
19730601 19730630    29.0
19730701 19730731    10.7
19730801 19730831    25.1
19730901 19730930     3.8
19731001 19731031    39.7
19731101 19731130    10.5
19731201 19731231    28.7
19740101 19740131   384.8
19740201 19740228    53.0
19740301 19740331    48.8
19740401 19740430    91.2
19740501 19740531    31.5
19740601 19740630     3.0
19740701 19740731     9.8
19740801 19740831    36.6
19740901 19740930    25.1
19741001 19741031    51.6
19741101 19741130    16.0
19741201 19741231     4.0
19750101 19750131     0.3
19750201 19750228   106.2
19750301 19750331    11.2
19750401 19750430     0.0
19750501 19750531     0.0
19750601 19750630    30.0
19750701 19750731    16.8
19750801 19750831     4.6
19750901 19750930    88.8
19751001 19751031    56.6
19751101 19751130     1.8
19751201 19751231   123.6
19760101 19760131   228.6
19760201 19760229   178.4
19760301 19760331    10.2
19760401 19760430    12.2
19760501 19760531     2.0
19760601 19760630     0.0
19760701 19760731    44.3
19760801 19760831     3.0
19760901 19760930     9.2
19761001 19761031    55.2
19761101 19761130    15.8
19761201 19761231     1.4
19770101 19770131     9.6
19770201 19770228     3.2
19770301 19770331    43.8
19770401 19770430     0.0
19770501 19770531    59.0
19770601 19770630     0.0
19770701 19770731     0.0
19770801 19770831     1.0
19770901 19770930     7.9
19771001 19771031    11.7
19771101 19771130     8.4
19771201 19771231     7.0
19780101 19780131    12.0
19780201 19780228     3.0
19780301 19780331    16.7
19780401 19780430     0.0
19780501 19780531    65.2
19780601 19780630    36.9
19780701 19780731    31.5
19780801 19780831    26.9
19780901 19780930    25.5
19781001 19781031    19.1
19781101 19781130    13.6
19781201 19781231     6.0
19790101 19790131    99.0
19790201 19790228    66.6
19790301 19790331     0.6
19790401 19790430    24.4
19790501 19790531    63.8
19790601 19790630    38.1
19790701 19790731     4.8
19790801 19790831    19.4
19790901 19790930    45.1
19791001 19791031     6.2
19791101 19791130     0.8
19791201 19791231    29.8
19800101 19800131     4.8
19800201 19800229     0.0
19800301 19800331     6.0
19800401 19800430    63.4
19800501 19800531     7.4
19800601 19800630     0.8
19800701 19800731    12.7
19800801 19800831    24.6
19800901 19800930     0.6
19801001 19801031     1.1
19801101 19801130     2.1
19801201 19801231     2.3
19810101 19810131    47.2
19810201 19810228    13.0
19810301 19810331    36.4
19810401 19810430    61.6
19810501 19810531    82.6
19810601 19810630    15.2
19810701 19810731    92.0
19810801 19810831     0.0
19810901 19810930    13.0
19811001 19811031     8.0
19811101 19811130     8.6
19811201 19811231    11.0
19820101 19820131     9.8
19820201 19820228     0.0
19820301 19820331    81.9
19820401 19820430     0.0
19820501 19820531     3.4
19820601 19820630     0.0
19820701 19820731     1.0
19820801 19820831     0.0
19820901 19820930     6.0
19821001 19821031     0.0
19821101 19821130     2.4
19821201 19821231     7.4
19830101 19830131    14.8
19830201 19830228     9.6
19830301 19830331    18.2
19830401 19830430    27.0
19830501 19830531    15.0
19830601 19830630     8.2
19830701 19830731    23.4
19830801 19830831    24.0
19830901 19830930     1.4
19831001 19831031    20.2
19831101 19831130    16.8
19831201 19831231     4.6
19840101 19840131   219.4
19840201 19840229     8.0
19840301 19840331     9.0
19840401 19840430     7.8
19840501 19840531     0.0
19840601 19840630    25.8
19840701 19840731    44.6
19840801 19840831    22.2
19840901 19840930    14.2
19841001 19841031    73.0
19841101 19841130     6.0
19841201 19841231     3.2
19850101 19850131     0.0
19850201 19850228    25.0
19850301 19850331     1.6
19850401 19850430     1.0
19850501 19850531     3.6
19850601 19850630    24.0
19850701 19850731     0.2
19850801 19850831    12.2
19850901 19850930     0.4
19851001 19851031    33.8
19851101 19851130    86.5
19851201 19851231    15.2
19860101 19860131     0.0
19860201 19860228     1.6
19860301 19860331     0.0
19860401 19860430     1.8
19860501 19860531    50.4
19860601 19860630     0.0
19860701 19860731    63.9
19860801 19860831     7.6
19860901 19860930    14.6
19861001 19861031    44.6
19861101 19861130     6.6
19861201 19861231    27.5
19870101 19870131     2.2
19870201 19870228   147.2
19870301 19870331    10.0
19870401 19870430     0.0
19870501 19870531    92.5
19870601 19870630    42.4
19870701 19870731     0.0
19870801 19870831    23.2
19870901 19870930    19.6
19871001 19871031     4.4
19871101 19871130    35.8
19871201 19871231    85.4
19880101 19880131     0.0
19880201 19880229     0.4
19880301 19880331    51.8
19880401 19880430    33.8
19880501 19880531    43.2
19880601 19880630    24.6
19880701 19880731    47.0
19880801 19880831     7.6
19880901 19880930    14.2
19881001 19881031     2.8
19881101 19881130     6.0
19881201 19881231    88.2
19890101 19890131     0.8
19890201 19890228     7.2
19890301 19890331    57.8
19890401 19890430    26.2
19890501 19890531    92.4
19890601 19890630     5.2
19890701 19890731    31.6
19890801 19890831     1.4
19890901 19890930     0.0
19891001 19891031    15.8
19891101 19891130     8.2
19891201 19891231     0.2
19900101 19900131    40.2
19900201 19900228     5.4
19900301 19900331     8.6
19900401 19900430    45.9
19900501 19900531    40.7
19900601 19900630     4.0
19900701 19900731    18.8
19900801 19900831     5.2
19900901 19900930     2.6
19901001 19901031    40.0
19901101 19901130     1.2
19901201 19901231     0.0
19910101 19910131     2.6
19910201 19910228    16.2
19910301 19910331     0.0
19910401 19910430     0.0
19910501 19910531     1.4
19910601 19910630    12.7
19910701 19910731     9.2
19910801 19910831     0.6
19910901 19910930     1.4
19911001 19911031     0.0
19911101 19911130    85.0
19911201 19911231     8.6
19920101 19920131     6.4
19920201 19920229    25.4
19920301 19920331     0.0
19920401 19920430     7.0
19920501 19920531    10.4
19920601 19920630     2.8
19920701 19920731    11.4
19920801 19920831    32.5
19920901 19920930    16.6
19921001 19921031    17.8
19921101 19921130    19.6
19921201 19921231    93.5
19930101 19930131    96.2
19930201 19930228    28.4
19930301 19930331    13.2
19930401 19930430     0.0
19930501 19930531    48.6
19930601 19930630     5.6
19930701 19930731    28.1
19930801 19930831     0.4
19930901 19930930    20.2
19931001 19931031    46.4
19931101 19931130     7.5
19931201 19931231    28.7
19940101 19940131     0.0
19940201 19940228    21.0
19940301 19940331     0.4
19940401 19940430     0.0
19940501 19940531     5.0
19940601 19940630    10.6
19940701 19940731     0.6
19940801 19940831     0.0
19940901 19940930     4.8
19941001 19941031     8.2
19941101 19941130    26.2
19941201 19941231     3.0
19950101 19950131    67.0
19950201 19950228     0.0
19950301 19950331     0.0
19950401 19950430     0.6
19950501 19950531    18.4
19950601 19950630     4.4
19950701 19950731     4.2
19950801 19950831     0.8
19950901 19950930    42.4
19951001 19951031    34.4
19951101 19951130    51.6
19951201 19951231    14.8
19960101 19960131     7.2
19960201 19960229    25.8
19960301 19960331     5.2
19960401 19960430     0.0
19960501 19960531    20.2
19960601 19960630     9.4
19960701 19960731    63.0
19960801 19960831     3.2
19960901 19960930    34.4
19961001 19961031     7.8
19961101 19961130    10.6
19961201 19961231     9.2
19970101 19970131    42.6
19970201 19970228   142.0
19970301 19970331     0.0
19970401 19970430     0.0
19970501 19970531    19.4
19970601 19970630     4.0
19970701 19970731     1.8
19970801 19970831     4.4
19970901 19970930     6.4
19971001 19971031     2.8
19971101 19971130    27.2
19971201 19971231     7.4
19980101 19980131    22.8
19980201 19980228    19.4
19980301 19980331     0.0
19980401 19980430    10.8
19980501 19980531     4.8
19980601 19980630    13.0
19980701 19980731    86.6
19980801 19980831     3.4
19980901 19980930   139.5
19981001 19981031    12.3
19981101 19981130    50.2
19981201 19981231     7.2
19990101 19990131     8.4
19990201 19990228     1.6
19990301 19990331    30.2
19990401 19990430     0.0
19990501 19990531     8.4
19990601 19990630    16.0
19990701 19990731    15.2
19990801 19990831     6.6
19990901 19990930     5.8
19991001 19991031    51.6
19991101 19991130    48.8
19991201 19991231    19.2
20000101 20000131     1.4
20000201 20000229   165.4
20000301 20000331    45.2
20000401 20000430    43.2
20000501 20000531    24.8
20000601 20000630     5.2
20000701 20000731    10.4
20000801 20000831    21.2
20000901 20000930     2.2
20001001 20001031    28.4
20001101 20001130    12.2
20001201 20001231     4.2
20010101 20010131    24.2
20010201 20010228     2.2
20010301 20010331    17.6
20010401 20010430     2.4
20010501 20010531     0.6
20010601 20010630    46.2
20010701 20010731     9.2
20010801 20010831     2.0
20010901 20010930     2.0
20011001 20011031    34.6
20011101 20011130     0.4
20011201 20011231    14.4
20020101 20020131     5.2
20020201 20020228    22.6
20020301 20020331     0.0
20020401 20020430    12.2
20020501 20020531     8.6
20020601 20020630     0.0
20020701 20020731     0.2
20020801 20020831     0.0
20020901 20020930     6.8
20021001 20021031     0.0
20021101 20021130     0.8
20021201 20021231     7.2
20030101 20030131     2.2
20030201 20030228    44.6
20030301 20030331     0.0
20030401 20030430    58.6
20030501 20030531    12.8
20030601 20030630    23.8
20030701 20030731     2.8
20030801 20030831    33.0
20030901 20030930     0.0
20031001 20031031     8.2
20031101 20031130    20.2
20031201 20031231    16.6
20040101 20040131     1.8
20040201 20040229    13.0
20040301 20040331     3.4
20040401 20040430     4.8
20040501 20040531    37.6
20040601 20040630    16.0
20040701 20040731     9.4
20040801 20040831    20.8
20040901 20040930    17.6
20041001 20041031     4.0
20041101 20041130    27.0
20041201 20041231     0.0
20050101 20050131     9.0
20050201 20050228     0.0
20050301 20050331     2.6
20050401 20050430     2.4
20050501 20050531     3.0
20050601 20050630    51.6
20050701 20050731    18.6
20050801 20050831     2.4
20050901 20050930    27.8
20051001 20051031     7.2
20051101 20051130     6.8
20051201 20051231     0.0
20060101 20060131     9.4
20060201 20060228     2.4
20060301 20060331     0.2
20060401 20060430     2.4
20060501 20060531     0.2
20060601 20060630    23.4
20060701 20060731    46.8
20060801 20060831     0.0
20060901 20060930     0.0
20061001 20061031     9.2
20061101 20061130     0.4
20061201 20061231    20.2
20070101 20070131   118.0
20070201 20070228     0.6
20070301 20070331    33.0
20070401 20070430    35.8
20070501 20070531    94.0
20070601 20070630     1.2
20070701 20070731     0.0
20070801 20070831     7.0
20070901 20070930     0.2
20071001 20071031    10.4
20071101 20071130     4.8
20071201 20071231     8.4
20080101 20080131    13.8
20080201 20080229     9.4
20080301 20080331     5.0
20080401 20080430     0.0
20080501 20080531     0.0
20080601 20080630    31.8
20080701 20080731     0.8
20080801 20080831     4.4
20080901 20080930     8.4
20081001 20081031     0.8
20081101 20081130    81.6
20081201 20081231    20.2
20090101 20090131    17.6
20090201 20090228     0.0
20090301 20090331     0.0
20090401 20090430     2.8
20090501 20090531     7.4
20090601 20090630    12.0
20090701 20090731     2.8
20090801 20090831     1.0
20090901 20090930    10.2
20091001 20091031     1.4
20091101 20091130    41.6
20091201 20091231    44.2
20100101 20100131     8.6
20100201 20100228   155.0
20100301 20100331    43.4
20100401 20100430     8.6
20100501 20100531     5.0
20100601 20100630     1.2
20100701 20100731    52.4
20100801 20100831    13.6
20100901 20100930    52.0
20101001 20101031    67.6
20101101 20101130   122.6
20101201 20101231    61.6
20110101 20110131    90.8
20110201 20110228    30.2
20110301 20110331    38.0
20110401 20110430     7.8
20110501 20110531     3.2
20110601 20110630     0.2
20110701 20110731     6.6
20110801 20110831     2.0
20110901 20110930    15.4
20111001 20111031    21.0
20111101 20111130   123.6
20111201 20111231    34.4